0.219883022357
0.417777742479 8.16996111217e-15 -5.38128939357 0.677356545881 0.677356545881
0.415798795278 8.13038744882e-15 -5.35522350023 0.677356545881 0.677356545881
0.413819848077 8.09080950116e-15 -5.32915478497 0.677356545881 0.677356545881
0.411840900875 8.05122720603e-15 -5.30308320617 0.677356545881 0.677356545881
0.409861953674 8.01164049898e-15 -5.27700872137 0.677356545881 0.677356545881
0.407883006473 7.97204931429e-15 -5.2509312873 0.677356545881 0.677356545881
0.405904059272 7.93245358491e-15 -5.2248508598 0.677356545881 0.677356545881
0.40392511207 7.89285324245e-15 -5.1987673938 0.677356545881 0.677356545881
0.401946164869 7.85324821712e-15 -5.17268084335 0.677356545881 0.677356545881
0.399967217668 7.81363843771e-15 -5.14659116154 0.677356545881 0.677356545881
0.397988270467 7.77402383156e-15 -5.12049830051 0.677356545881 0.677356545881
0.396009323266 7.7344043245e-15 -5.09440221141 0.677356545881 0.677356545881
0.394030376064 7.69477984083e-15 -5.06830284438 0.677356545881 0.677356545881
0.392051428863 7.65515030326e-15 -5.04220014851 0.677356545881 0.677356545881
0.390072481662 7.6155156329e-15 -5.01609407183 0.677356545881 0.677356545881
0.388093534461 7.57587574919e-15 -4.98998456129 0.677356545881 0.677356545881
0.386114587259 7.53623056987e-15 -4.9638715627 0.677356545881 0.677356545881
0.384135640058 7.49658001091e-15 -4.93775502072 0.677356545881 0.677356545881
0.382156692857 7.45692398651e-15 -4.91163487883 0.677356545881 0.677356545881
0.380177745656 7.41726240899e-15 -4.88551107928 0.677356545881 0.677356545881
0.378198798455 7.37759518881e-15 -4.85938356309 0.677356545881 0.677356545881
0.376219851253 7.33792223445e-15 -4.83325226998 0.677356545881 0.677356545881
0.374240904052 7.29824345239e-15 -4.80711713836 0.677356545881 0.677356545881
0.372261956851 7.25855874708e-15 -4.78097810527 0.677356545881 0.677356545881
0.37028300965 7.21886802081e-15 -4.75483510639 0.677356545881 0.677356545881
0.368304062449 7.17917117374e-15 -4.72868807592 0.677356545881 0.677356545881
0.366325115247 7.13946810376e-15 -4.70253694662 0.677356545881 0.677356545881
0.364346168046 7.09975870646e-15 -4.67638164973 0.677356545881 0.677356545881
0.362367220845 7.0600428751e-15 -4.65022211492 0.677356545881 0.677356545881
0.360388273644 7.02032050047e-15 -4.62405827028 0.677356545881 0.677356545881
0.358409326442 6.98059147086e-15 -4.59789004222 0.677356545881 0.677356545881
0.356430379241 6.940855672e-15 -4.57171735547 0.677356545881 0.677356545881
0.35445143204 6.90111298697e-15 -4.54554013302 0.677356545881 0.677356545881
0.352472484839 6.86136329609e-15 -4.51935829605 0.677356545881 0.677356545881
0.350493537638 6.82160647691e-15 -4.49317176389 0.677356545881 0.677356545881
0.348514590436 6.78184240405e-15 -4.46698045397 0.677356545881 0.677356545881
0.346535643235 6.74207094918e-15 -4.44078428176 0.677356545881 0.677356545881
0.344556696034 6.70229198088e-15 -4.41458316069 0.677356545881 0.677356545881
0.342577748833 6.66250536457e-15 -4.38837700213 0.677356545881 0.677356545881
0.340598801632 6.62271096241e-15 -4.36216571528 0.677356545881 0.677356545881
0.33861985443 6.5829086332e-15 -4.33594920713 0.677356545881 0.677356545881
0.336640907229 6.54309823228e-15 -4.30972738242 0.677356545881 0.677356545881
0.334661960028 6.50327961142e-15 -4.28350014349 0.677356545881 0.677356545881
0.332683012827 6.46345261869e-15 -4.25726739029 0.677356545881 0.677356545881
0.330704065625 6.42361709838e-15 -4.23102902024 0.677356545881 0.677356545881
0.328725118424 6.38377289085e-15 -4.2047849282 0.677356545881 0.677356545881
0.326746171223 6.3439198324e-15 -4.17853500635 0.677356545881 0.677356545881
0.324767224022 6.30405775519e-15 -4.15227914413 0.677356545881 0.677356545881
0.322788276821 6.26418648704e-15 -4.12601722814 0.677356545881 0.677356545881
0.320809329619 6.22430585132e-15 -4.09974914203 0.677356545881 0.677356545881
0.318830382418 6.18441566682e-15 -4.07347476644 0.677356545881 0.677356545881
0.316851435217 6.14451574755e-15 -4.04719397888 0.677356545881 0.677356545881
0.314872488016 6.10460590264e-15 -4.02090665363 0.677356545881 0.677356545881
0.312893540814 6.06468593614e-15 -3.9946126616 0.677356545881 0.677356545881
0.310914593613 6.02475564685e-15 -3.96831187029 0.677356545881 0.677356545881
0.308935646412 5.98481482815e-15 -3.94200414359 0.677356545881 0.677356545881
0.306956699211 5.94486326782e-15 -3.91568934173 0.677356545881 0.677356545881
0.30497775201 5.90490074782e-15 -3.88936732109 0.677356545881 0.677356545881
0.302998804808 5.86492704412e-15 -3.86303793412 0.677356545881 0.677356545881
0.301019857607 5.82494192649e-15 -3.83670102915 0.677356545881 0.677356545881
0.299040910406 5.78494515824e-15 -3.81035645029 0.677356545881 0.677356545881
0.297061963205 5.74493649603e-15 -3.78400403727 0.677356545881 0.677356545881
0.295083016004 5.70491568963e-15 -3.75764362526 0.677356545881 0.677356545881
0.293104068802 5.66488248165e-15 -3.73127504474 0.677356545881 0.677356545881
0.291125121601 5.6248366073e-15 -3.70489812128 0.677356545881 0.677356545881
0.2891461744 5.58477779411e-15 -3.67851267542 0.677356545881 0.677356545881
0.287167227199 5.54470576163e-15 -3.65211852245 0.677356545881 0.677356545881
0.285188279997 5.50462022116e-15 -3.62571547221 0.677356545881 0.677356545881
0.283209332796 5.46452087545e-15 -3.5993033289 0.677356545881 0.677356545881
0.281230385595 5.42440741833e-15 -3.57288189085 0.677356545881 0.677356545881
0.279251438394 5.3842795344e-15 -3.54645095033 0.677356545881 0.677356545881
0.277272491193 5.34413689868e-15 -3.52001029329 0.677356545881 0.677356545881
0.275293543991 5.30397917623e-15 -3.49355969911 0.677356545881 0.677356545881
0.27331459679 5.26380602176e-15 -3.46709894035 0.677356545881 0.677356545881
0.271335649589 5.22361707922e-15 -3.4406277825 0.677356545881 0.677356545881
0.269356702388 5.18341198138e-15 -3.41414598367 0.677356545881 0.677356545881
0.267377755187 5.14319034937e-15 -3.38765329433 0.677356545881 0.677356545881
0.265398807985 5.10295179223e-15 -3.36114945694 0.677356545881 0.677356545881
0.263419860784 5.06269590638e-15 -3.3346342057 0.677356545881 0.677356545881
0.261440913583 5.02242227515e-15 -3.30810726614 0.677356545881 0.677356545881
0.259461966382 4.9821304682e-15 -3.28156835483 0.677356545881 0.677356545881
0.25748301918 4.94182004095e-15 -3.25501717893 0.677356545881 0.677356545881
0.255504071979 4.90149053401e-15 -3.22845343584 0.677356545881 0.677356545881
0.253525124778 4.86114147248e-15 -3.20187681279 0.677356545881 0.677356545881
0.251546177577 4.82077236538e-15 -3.17528698637 0.677356545881 0.677356545881
0.249567230376 4.78038270485e-15 -3.14868362207 0.677356545881 0.677356545881
0.247588283174 4.7399719655e-15 -3.12206637382 0.677356545881 0.677356545881
0.245609335973 4.69953960355e-15 -3.09543488347 0.677356545881 0.677356545881
0.243630388772 4.65908505607e-15 -3.06878878023 0.677356545881 0.677356545881
0.241651441571 4.61860774009e-15 -3.04212768011 0.677356545881 0.677356545881
0.23967249437 4.57810705169e-15 -3.01545118534 0.677356545881 0.677356545881
0.237693547168 4.53758236503e-15 -2.98875888369 0.677356545881 0.677356545881
0.235714599967 4.49703303133e-15 -2.96205034782 0.677356545881 0.677356545881
0.233735652766 4.4564583778e-15 -2.93532513461 0.677356545881 0.677356545881
0.231756705565 4.41585770651e-15 -2.90858278433 0.677356545881 0.677356545881
0.229777758363 4.37523029312e-15 -2.8818228199 0.677356545881 0.677356545881
0.227798811162 4.33457538571e-15 -2.85504474605 0.677356545881 0.677356545881
0.225819863961 4.29389220332e-15 -2.82824804838 0.677356545881 0.677356545881
0.22384091676 4.25317993456e-15 -2.80143219246 0.677356545881 0.677356545881
0.221861969559 4.21243773611e-15 -2.77459662282 0.677356545881 0.677356545881
