0.219883022357
0.417777742479 3.50471652638 0.715641527638 0.382388539564 1.19985784818
0.415798795278 3.49098164884 0.712836950245 0.382690123135 1.19891228571
0.413819848077 3.47724497463 0.710032005981 0.382994494204 1.19795949339
0.411840900875 3.46350647712 0.70722668941 0.38330169197 1.1969993868
0.409861953674 3.44976612916 0.704420994989 0.383611756383 1.19603188019
0.407883006473 3.43602390305 0.701614917061 0.383924728153 1.19505688642
0.405904059272 3.42227977053 0.698808449857 0.384240648777 1.19407431699
0.40392511207 3.40853370277 0.696001587488 0.384559560551 1.19308408193
0.401946164869 3.39478567035 0.693194323949 0.384881506594 1.19208608984
0.399967217668 3.38103564325 0.690386653107 0.385206530867 1.19108024782
0.397988270467 3.36728359083 0.687578568707 0.385534678195 1.19006646146
0.396009323266 3.3535294818 0.684770064361 0.385865994285 1.18904463478
0.394030376064 3.33977328423 0.681961133548 0.386200525754 1.18801467024
0.392051428863 3.32601496554 0.679151769614 0.386538320145 1.18697646866
0.390072481662 3.31225449242 0.676341965759 0.386879425958 1.18592992923
0.388093534461 3.29849183088 0.673531715044 0.387223892668 1.18487494944
0.386114587259 3.28472694621 0.670721010378 0.387571770753 1.18381142506
0.384135640058 3.27095980295 0.667909844522 0.387923111719 1.18273925009
0.382156692857 3.25719036487 0.665098210078 0.388277968128 1.18165831675
0.380177745656 3.24341859496 0.662286099488 0.388636393624 1.18056851539
0.378198798455 3.2296444554 0.65947350503 0.388998442963 1.17946973451
0.376219851253 3.21586790754 0.656660418814 0.38936417204 1.17836186068
0.374240904052 3.20208891189 0.653846832774 0.389733637921 1.1772447785
0.372261956851 3.18830742808 0.651032738665 0.390106898874 1.17611837056
0.37028300965 3.17452341482 0.64821812806 0.390484014401 1.17498251741
0.368304062449 3.16073682993 0.645402992341 0.39086504527 1.17383709748
0.366325115247 3.14694763024 0.642587322698 0.391250053554 1.17268198708
0.364346168046 3.13315577162 0.639771110118 0.391639102659 1.17151706031
0.362367220845 3.11936120894 0.636954345385 0.392032257369 1.170342189
0.360388273644 3.10556389601 0.634137019069 0.392429583877 1.16915724272
0.358409326442 3.0917637856 0.631319121525 0.392831149829 1.16796208867
0.356430379241 3.07796082937 0.62850064288 0.393237024363 1.16675659163
0.35445143204 3.06415497784 0.625681573034 0.39364727815 1.16554061393
0.352472484839 3.05034618038 0.622861901647 0.394061983438 1.16431401539
0.350493537638 3.03653438515 0.620041618134 0.394481214098 1.16307665321
0.348514590436 3.02271953908 0.617220711658 0.394905045671 1.16182838198
0.346535643235 3.00890158784 0.614399171125 0.395333555412 1.16056905357
0.344556696034 2.99508047576 0.611576985169 0.395766822345 1.15929851706
0.342577748833 2.98125614585 0.608754142151 0.396204927313 1.15801661872
0.340598801632 2.96742853971 0.605930630147 0.39664795303 1.15672320188
0.33861985443 2.9535975975 0.603106436938 0.397095984136 1.1554181069
0.336640907229 2.93976325791 0.600281550007 0.397549107259 1.15410117108
0.334661960028 2.92592545811 0.59745595652 0.398007411069 1.15277222858
0.332683012827 2.91208413367 0.594629643324 0.398470986343 1.15143111035
0.330704065625 2.89823921855 0.591802596934 0.398939926029 1.15007764406
0.328725118424 2.88439064504 0.588974803521 0.39941432531 1.14871165398
0.326746171223 2.87053834367 0.586146248904 0.399894281676 1.14733296092
0.324767224022 2.85668224321 0.583316918536 0.400379894993 1.14594138214
0.322788276821 2.84282227057 0.580486797492 0.40087126758 1.14453673125
0.320809329619 2.82895835075 0.577655870459 0.401368504283 1.14311881812
0.318830382418 2.81509040679 0.57482412172 0.401871712559 1.14168744878
0.316851435217 2.80121835967 0.571991535142 0.402381002554 1.1402424253
0.314872488016 2.78734212829 0.569158094163 0.402896487194 1.13878354573
0.312893540814 2.77346162935 0.566323781776 0.403418282274 1.13731060393
0.310914593613 2.75957677731 0.563488580514 0.403946506551 1.1358233895
0.308935646412 2.74568748431 0.560652472433 0.40448128184 1.13432168767
0.306956699211 2.73179366006 0.5578154391 0.405022733118 1.13280527914
0.30497775201 2.71789521179 0.554977461569 0.405570988628 1.13127393998
0.302998804808 2.70399204414 0.552138520369 0.406126179987 1.12972744151
0.301019857607 2.69008405907 0.549298595483 0.406688442305 1.12816555014
0.299040910406 2.67617115578 0.546457666328 0.407257914298 1.12658802724
0.297061963205 2.66225323061 0.543615711735 0.407834738418 1.12499462902
0.295083016004 2.64833017691 0.540772709927 0.408419060978 1.12338510634
0.293104068802 2.63440188495 0.537928638499 0.409011032287 1.12175920459
0.291125121601 2.62046824182 0.535083474394 0.409610806795 1.12011666352
0.2891461744 2.60652913126 0.532237193876 0.410218543236 1.11845721705
0.287167227199 2.59258443362 0.529389772509 0.410834404782 1.11678059312
0.285188279997 2.57863402565 0.526541185128 0.411458559202 1.11508651354
0.283209332796 2.56467778039 0.523691405809 0.412091179034 1.11337469374
0.281230385595 2.55071556706 0.520840407846 0.412732441754 1.1116448426
0.279251438394 2.53674725087 0.517988163716 0.41338252996 1.10989666228
0.277272491193 2.52277269287 0.515134645047 0.414041631568 1.10812984798
0.275293543991 2.5087917498 0.512279822588 0.414709940005 1.10634408773
0.27331459679 2.49480427393 0.50942366617 0.415387654422 1.10453906216
0.271335649589 2.48081011285 0.506566144673 0.416074979913 1.10271444427
0.269356702388 2.46680910929 0.503707225985 0.416772127744 1.10086989917
0.267377755187 2.45280110094 0.500846876961 0.417479315594 1.09900508387
0.265398807985 2.43878592023 0.497985063385 0.418196767807 1.09711964694
0.263419860784 2.4247633941 0.49512174992 0.418924715656 1.0952132283
0.261440913583 2.41073334379 0.492256900064 0.41966339762 1.09328545889
0.259461966382 2.39669558459 0.489390476101 0.420413059679 1.0913359604
0.25748301918 2.3826499256 0.486522439048 0.421173955616 1.0893643449
0.255504071979 2.36859616943 0.483652748602 0.42194634734 1.08737021458
0.253525124778 2.35453411196 0.480781363079 0.422730505226 1.08535316135
0.251546177577 2.340463542 0.47790823936 0.423526708469 1.08331276652
0.249567230376 2.32638424102 0.47503333282 0.424335245459 1.08124860039
0.247588283174 2.31229598279 0.472156597266 0.425156414174 1.07916022187
0.245609335973 2.29819853307 0.469277984864 0.425990522598 1.07704717807
0.243630388772 2.28409164918 0.466397446064 0.426837889156 1.07490900387
0.241651441571 2.26997507968 0.463514929522 0.427698843179 1.07274522147
0.23967249437 2.25584856392 0.460630382016 0.428573725387 1.07055533989
0.237693547168 2.24171183163 0.457743748356 0.429462888409 1.06833885449
0.235714599967 2.22756460243 0.454854971293 0.430366697322 1.06609524646
0.233735652766 2.2134065854 0.45196399142 0.431285530228 1.06382398224
0.231756705565 2.1992374785 0.449070747065 0.432219778862 1.06152451296
0.229777758363 2.18505696807 0.44617517418 0.433169849237 1.05919627383
0.227798811162 2.17086472826 0.443277206227 0.434136162321 1.0568386835
0.225819863961 2.15666042038 0.440376774048 0.435119154765 1.05445114338
0.22384091676 2.14244369227 0.437473805735 0.436119279667 1.05203303692
0.221861969559 2.12821417762 0.434568226488 0.437137007386 1.04958372889
