-1 2.82842712475
2.82842712475 2.82842712475
2.82842712475 1.27989898732
1.27989898732 1.27989898732
1.27989898732 0.195929291126
0.195929291126 0.195929291126
0.195929291126 0.72101012344
0.72101012344 0.72101012344
0.72101012344 0.147361036335
0.147361036335 0.147361036335
0.147361036335 0.787313616453
0.787313616453 0.787313616453
0.787313616453 0.0980865659694
0.0980865659694 0.0980865659694
0.0980865659694 0.856539279321
0.856539279321 0.856539279321
0.856539279321 0.0543374823702
0.0543374823702 0.0543374823702
0.0543374823702 0.919611224418
0.919611224418 0.919611224418
0.919611224418 0.02279256074
0.02279256074 0.02279256074
0.02279256074 0.966006718145
0.966006718145 0.966006718145
0.966006718145 0.00626743217568
0.00626743217568 0.00626743217568
0.00626743217568 0.990613597424
0.990613597424 0.990613597424
0.990613597424 0.000909387049683
0.000909387049683 0.000909387049683
0.000909387049683 0.998636229592
0.998636229592 0.998636229592
0.998636229592 5.03630350141e-05
5.03630350141e-05 5.03630350141e-05
5.03630350141e-05 0.999924456399
0.999924456399 0.999924456399
0.999924456399 6.56593421731e-07
6.56593421731e-07 6.56593421731e-07
6.56593421731e-07 0.99999901511
0.99999901511 0.99999901511
0.99999901511 9.7742079058e-10
9.7742079058e-10 9.7742079058e-10
9.7742079058e-10 0.999999998534
0.999999998534 0.999999998534
0.999999998534 5.61383005218e-14
5.61383005218e-14 5.61383005218e-14
5.61383005218e-14 1.0
1.0 1.0
1.0 2.44612140825e-20
2.44612140825e-20 2.44612140825e-20
2.44612140825e-20 1.0
1.0 1.0
1.0 0.0
0.0 0.0
0.0 1.0
1.0 1.0
1.0 0.0
0.0 0.0
0.0 1.0
1.0 1.0
1.0 0.0
0.0 0.0
0.0 1.0
1.0 1.0
1.0 0.0
0.0 0.0
0.0 1.0
1.0 1.0
1.0 0.0
0.0 0.0
0.0 1.0
1.0 1.0
1.0 0.0
0.0 0.0
0.0 1.0
1.0 1.0
1.0 0.0
0.0 0.0
0.0 1.0
1.0 1.0
1.0 0.0
0.0 0.0
0.0 1.0
1.0 1.0
1.0 0.0
0.0 0.0
0.0 1.0
1.0 1.0
1.0 0.0
0.0 0.0
0.0 1.0
1.0 1.0
1.0 0.0
0.0 0.0
0.0 1.0
1.0 1.0
1.0 0.0
0.0 0.0
0.0 1.0
1.0 1.0
1.0 0.0
0.0 0.0
0.0 1.0
1.0 1.0
1.0 0.0
0.0 0.0
0.0 1.0
1.0 1.0
1.0 0.0
0.0 0.0
0.0 1.0
1.0 1.0
1.0 0.0
0.0 0.0
0.0 1.0
1.0 1.0
1.0 0.0
0.0 0.0
0.0 1.0
1.0 1.0
1.0 0.0
0.0 0.0
0.0 1.0
1.0 1.0
1.0 0.0
0.0 0.0
0.0 1.0
1.0 1.0
1.0 0.0
0.0 0.0
0.0 1.0
1.0 1.0
1.0 0.0
0.0 0.0
0.0 1.0
1.0 1.0
1.0 0.0
0.0 0.0
0.0 1.0
1.0 1.0
1.0 0.0
0.0 0.0
0.0 1.0
1.0 1.0
1.0 0.0
0.0 0.0
0.0 1.0
1.0 1.0
1.0 0.0
0.0 0.0
0.0 1.0
1.0 1.0
1.0 0.0
0.0 0.0
0.0 1.0
1.0 1.0
1.0 0.0
0.0 0.0
0.0 1.0
1.0 1.0
1.0 0.0
0.0 0.0
0.0 1.0
1.0 1.0
1.0 0.0
0.0 0.0
0.0 1.0
1.0 1.0
1.0 0.0
0.0 0.0
0.0 1.0
1.0 1.0
1.0 0.0
0.0 0.0
0.0 1.0
1.0 1.0
1.0 0.0
0.0 0.0
0.0 1.0
1.0 1.0
1.0 0.0
0.0 0.0
0.0 1.0
1.0 1.0
1.0 0.0
0.0 0.0
0.0 1.0
1.0 1.0
1.0 0.0
0.0 0.0
0.0 1.0
1.0 1.0
1.0 0.0
0.0 0.0
0.0 1.0
1.0 1.0
1.0 0.0
0.0 0.0
0.0 1.0
1.0 1.0
