3 2.31
2.31 2.31
2.31 1.827
1.827 1.827
1.827 1.4889
1.4889 1.4889
1.4889 1.25223
1.25223 1.25223
1.25223 1.086561
1.086561 1.086561
1.086561 0.9705927
0.9705927 0.9705927
0.9705927 0.88941489
0.88941489 0.88941489
0.88941489 0.832590423
0.832590423 0.832590423
0.832590423 0.7928132961
0.7928132961 0.7928132961
0.7928132961 0.76496930727
0.76496930727 0.76496930727
0.76496930727 0.745478515089
0.745478515089 0.745478515089
0.745478515089 0.731834960562
0.731834960562 0.731834960562
0.731834960562 0.722284472394
0.722284472394 0.722284472394
0.722284472394 0.715599130676
0.715599130676 0.715599130676
0.715599130676 0.710919391473
0.710919391473 0.710919391473
0.710919391473 0.707643574031
0.707643574031 0.707643574031
0.707643574031 0.705350501822
0.705350501822 0.705350501822
0.705350501822 0.703745351275
0.703745351275 0.703745351275
0.703745351275 0.702621745893
0.702621745893 0.702621745893
0.702621745893 0.701835222125
0.701835222125 0.701835222125
